20260219141624
20260219142017
20260219142719
20260219142832
20260219142941
20260219143243
20260219143711
20260219143806
20260219144040
20260219144051
20260219144417
20260219153324
20260219153414
20260219153452
20260219153558
20260219154758
20260219155948
20260219160021
20260219160058
20260219160126
20260219160203
20260219160300
20260219160344
20260219160529
20260219160611
20260219160655
20260219160734
20260219161050
20260219161744
20260219162710
20260219162741
20260219162823
20260219162908
20260219162944
20260219163050
20260219163555
20260219163755
20260219163913
20260219164013
20260219164139
20260219164338
20260219165121
20260219165200
20260219165314
20260219165400
20260219165415
20260219165526
20260219165539
20260219165929
20260219170011
20260219170902
20260219172318
20260219172436
20260219172733
20260219173023
20260219173251
20260219174121
20260219174356
20260219174933
20260219175037
20260219175115
20260219175410
20260219175700
20260219175749
20260219175910
20260219180032
20260219180154
20260219180419
20260219180922
20260219184404
20260219184438
20260219184604
20260219184617
20260219184636
20260219184644
20260219184656
20260219185020
20260219185323
20260219192152
20260219193353
20260219194142
20260219195219
20260219221939
20260220054629
20260220054745
20260220054850
20260220055024
20260220055147
20260220055325
20260220055455
20260220055711
20260220055928
20260220060216
20260220060427
20260220060715
20260220060853
20260220061045
20260220061221
20260220061358
20260220061529
20260220061714
20260220061934
20260220141323
20260220141535
20260220142521
20260220142747
20260220143030
20260220160744
20260220161013
20260220161241
20260220161657
20260220162003
20260220162256
20260220164800
20260220171430
20260222051834
20260222051855
20260222052159
20260222052310
20260222052546
20260222052646
20260222052813
20260223135210
20260223135436
20260223135906
20260223140308
20260223141049
20260223141251
20260223141324
20260223141353
20260223142323
20260223142515
20260223142844
20260223143328
20260223143339
20260223143623
20260223153151
20260223154353
20260223155921
20260223160333
20260223160432
20260223160654
20260223160754
20260224232059
20260224232155
20260224232229
20260224232315
20260224232406
20260224232436
20260224234741
20260224235318
20260224235518
20260224235838
20260225000026
20260225000244
20260225000653
20260225000921
20260225001245
20260225011201
20260225011709
20260225060646
20260225184702
20260225185039
20260225185339
20260225202712
20260225205249
20260225214023
20260226144500
20260226162606
20260226163250
20260226164255
20260226175549
20260226180132
