20251129213929
20251129222005
20251129223002
20251203205751
20251203205805
20251207232824
20251213224611
20251213224834
20251213224850
20251214111743
20251214112551
20251214114010
20251214122216
20251214122427
20251214122922
20251214123330
20251214124547
20251214124843
20251214125144
20251214130746
20251214130939
20251214131409
20251214133245
20251214135236
20251214164631
20251214165750
20251218165414
20251219000617
20251219001248
20251219001329
20251219205102
20251219221634
20251220000159
20251220000741
20251220002941
20251220003211
20260103190106
20260105045802
20260105050132
20260109230029
20260109230046
20260109230124
20260109230533
20260109231832
20260109231844
20260114182915
20260114194341
20260114230602
20260203230332
20260204130100
20260204130132
20260204130614
20260204133215
20260204133341
20260204172941
20260212054057
20260212054947
20260212055615
20260212061413
20260212062208
20260212062800
20260212064347
20260213214050
20260213214442
20260213214718
20260213215844
20260213220252
20260213220707
20260213220908
20260213221629
20260213222326
20260213222404
20260213223810
20260213224217
20260213224328
20260213224404
20260213224551
20260213225259
20260213225531
20260213225810
20260213234944
20260213235029
20260214000530
20260214003630
20260214003644
20260214003819
20260214003938
20260214004132
20260214004240
20260214060447
20260214061359
20260214061417
20260214061504
20260214065242
20260214065317
20260214065353
20260214065847
20260214070327
20260214070803
20260214071349
20260214071654
20260218200125
20260218201551
20260218202557
20260218203039
20260218203419
20260218203649
20260218220840
20260218221342
20260218221441
20260218221555
20260218221714
20260218222036
20260218223032
20260218224104
20260218224246
20260218224333
20260218224614
20260218224938
20260218225035
20260218225605
20260218230836
20260218231238
20260218232851
20260218233021
20260218233310
20260218233518
20260218233743
20260218234857
20260219053127
20260219053249
20260219053350
20260219053548
20260219053909
20260219055705
20260219060639
20260219060733
20260219061327
20260219061516
20260219062239
20260219062519
20260219062911
20260219063103
20260219063231
20260219063338
20260219063443
20260219063620
20260219063737
20260219063806
20260219063906
20260219064044
20260219064147
20260219064550
20260219064824
20260219064936
20260219065051
20260219131702
20260219131914
20260219132043
20260219132217
20260219132512
20260219132654
20260219132907
20260219133035
20260219134412
20260219134617
20260219134854
20260219135345
20260219135500
20260219135607
20260219140802
20260219141024
20260219141343
