20251129222005
20251203205751
20251207232824
20251213224850
20251214111743
20251214112551
20251214123330
20251214124547
20251214124843
20251214131409
20251214135236
20251220002941
20260109230533
20260114194341
20260204130614
20260214003644
20260214003819
20260214003938
20260218203419
20260218220840
20260218224104
20260218224246
20260218224333
20260218225605
20260218230836
20260218232851
20260219055705
20260219060639
20260219063338
20260219063443
20260219063620
20260219063737
20260219063806
20260219063906
20260219064044
20260219064147
20260219064550
20260219132654
20260219132907
20260219133035
20260219142941
20260219143243
20260219160021
20260219160058
20260222052646
20260311011111
